k=1
质心：
[(18.35, -66.19)]
----------------------------------------------------------------------------------------------------
[(18.33, -65.65), (18.22, -66.03), (18.44, -66.07), (18.4, -66.16), (18.47, -66.73)]
[57.10256964379405, (18.35, -66.19), (18.33, -65.65)]
[22.258343622297996, (18.35, -66.19), (18.22, -66.03)]
[16.15706233926985, (18.35, -66.19), (18.44, -66.07)]
[6.405045432866163, (18.35, -66.19), (18.4, -66.16)]
[58.579423538026, (18.35, -66.19), (18.47, -66.73)]

k=2
质心：
[(18.33, -65.98), (18.38, -66.76)]
----------------------------------------------------------------------------------------------------
[(18.33, -65.65), (18.22, -66.03), (18.44, -66.07), (18.4, -66.16), (18.47, -66.73)]
[34.87150596108041, (18.33, -65.98), (18.33, -65.65)]
[13.33706499256996, (18.33, -65.98), (18.22, -66.03)]
[15.502704463888193, (18.33, -65.98), (18.44, -66.07)]
[20.55154595993639, (18.33, -65.98), (18.4, -66.16)]
[80.73960858322629, (18.33, -65.98), (18.47, -66.73)]
[117.4099332013994, (18.38, -66.76), (18.33, -65.65)]
[79.1824905357756, (18.38, -66.76), (18.22, -66.03)]
[73.18473401859161, (18.38, -66.76), (18.44, -66.07)]
[63.419777509682795, (18.38, -66.76), (18.4, -66.16)]
[10.507813167464654, (18.38, -66.76), (18.47, -66.73)]

k=3
质心：
[(18.32, -65.66), (18.39, -66.77), (18.33, -66.09)]
----------------------------------------------------------------------------------------------------
[(18.33, -65.65), (18.22, -66.03), (18.44, -66.07), (18.4, -66.16), (18.47, -66.73)]
[1.5348969518364286, (18.32, -65.66), (18.33, -65.65)]
[40.665221790929124, (18.32, -65.66), (18.22, -66.03)]
[45.32582829808388, (18.32, -65.66), (18.44, -66.07)]
[53.57182489509766, (18.32, -65.66), (18.4, -66.16)]
[114.25224013026956, (18.32, -65.66), (18.47, -66.73)]
[118.51940559794153, (18.39, -66.77), (18.33, -65.65)]
[80.46495686105534, (18.39, -66.77), (18.22, -66.03)]
[74.14260260505795, (18.39, -66.77), (18.44, -66.07)]
[64.44477560305326, (18.39, -66.77), (18.4, -66.16)]
[9.856699806188036, (18.39, -66.77), (18.47, -66.73)]
[46.4953363377374, (18.33, -66.09), (18.33, -65.65)]
[13.790146957099587, (18.33, -66.09), (18.22, -66.03)]
[12.426072170995749, (18.33, -66.09), (18.44, -66.07)]
[10.743099475222564, (18.33, -66.09), (18.4, -66.16)]
[69.37528180066549, (18.33, -66.09), (18.47, -66.73)]