divide.py为无人机中可放哪些货物
14:{(3, 0, 2), (0, 1, 1), (1, 3, 2), (0, 1, 2), (1, 0, 0), (1, 3, 1), (5, 2, 0), (1, 0, 1), (1, 3, 0), (2, 3, 0), (3, 3, 0), (0, 2, 1), (4, 0, 2), (4, 3, 0), (2, 3, 1), (1, 0, 2), (4, 0, 1), (0, 2, 0), (4, 0, 0), (0, 2, 2), (5, 1, 0), (2, 0, 1), (0, 3, 2), (1, 2, 0), (2, 0, 0), (3, 1, 2), (3, 2, 0), (1, 2, 1), (3, 1, 1), (0, 0, 2), (3, 2, 1), (0, 3, 0), (1, 2, 2), (2, 0, 2), (0, 0, 1), (3, 1, 0), (4, 1, 0), (0, 3, 1), (0, 0, 0), (4, 1, 1), (2, 1, 2), (1, 1, 1), (5, 0, 0), (1, 1, 0), (2, 2, 2), (5, 0, 1), (2, 1, 0), (2, 2, 1), (2, 1, 1), (1, 1, 2), (2, 2, 0), (3, 0, 0), (4, 2, 0), (3, 0, 1), (0, 1, 0)}
15:{(3, 0, 2), (0, 1, 1), (1, 3, 2), (0, 1, 2), (1, 0, 0), (1, 3, 1), (5, 2, 0), (1, 0, 1), (3, 3, 1), (1, 3, 0), (2, 3, 0), (3, 3, 0), (0, 2, 1), (4, 0, 2), (4, 3, 0), (2, 3, 1), (1, 0, 2), (4, 0, 1), (0, 2, 0), (4, 0, 0), (5, 1, 1), (0, 2, 2), (5, 1, 0), (2, 0, 1), (0, 3, 2), (1, 2, 0), (2, 0, 0), (3, 1, 2), (3, 2, 0), (1, 2, 1), (3, 1, 1), (0, 0, 2), (3, 2, 1), (0, 3, 0), (1, 2, 2), (2, 0, 2), (0, 0, 1), (3, 1, 0), (4, 1, 0), (0, 3, 1), (0, 0, 0), (4, 1, 1), (2, 1, 2), (1, 1, 1), (5, 0, 0), (1, 1, 0), (2, 2, 2), (5, 0, 1), (2, 1, 0), (2, 2, 1), (2, 1, 1), (4, 2, 1), (1, 1, 2), (2, 2, 0), (3, 0, 0), (4, 2, 0), (3, 0, 1), (0, 1, 0)}
20:{(3, 0, 2), (0, 1, 1), (4, 2, 2), (1, 3, 2), (0, 1, 2), (1, 0, 0), (1, 3, 1), (4, 3, 2), (1, 0, 1), (5, 2, 0), (3, 3, 1), (1, 3, 0), (5, 2, 1), (2, 3, 0), (3, 3, 0), (0, 2, 1), (4, 0, 2), (4, 3, 0), (2, 3, 1), (1, 0, 2), (5, 2, 2), (4, 0, 1), (0, 2, 0), (4, 3, 1), (2, 3, 2), (3, 3, 2), (4, 0, 0), (5, 1, 1), (0, 2, 2), (3, 2, 2), (5, 1, 0), (2, 0, 1), (0, 3, 2), (1, 2, 0), (2, 0, 0), (3, 1, 2), (3, 2, 0), (1, 2, 1), (5, 1, 2), (3, 1, 1), (0, 0, 2), (3, 2, 1), (0, 3, 0), (1, 2, 2), (2, 0, 2), (0, 0, 1), (3, 1, 0), (4, 1, 0), (0, 3, 1), (5, 0, 2), (0, 0, 0), (4, 1, 1), (2, 1, 2), (1, 1, 1), (4, 1, 2), (5, 0, 0), (5, 3, 1), (1, 1, 0), (2, 2, 2), (5, 0, 1), (2, 1, 0), (5, 3, 0), (2, 2, 1), (2, 1, 1), (4, 2, 1), (1, 1, 2), (2, 2, 0), (3, 0, 0), (4, 2, 0), (3, 0, 1), (0, 1, 0)}
22:{(5, 3, 2)}
14:{(2, 2, 2), (5, 0, 1), (1, 3, 2), (3, 2, 1), (2, 3, 1), (5, 2, 0), (4, 1, 1), (4, 0, 2), (4, 3, 0), (3, 1, 2)}
15:{(2, 2, 2), (1, 3, 2), (4, 2, 1), (5, 1, 1), (5, 2, 0), (3, 3, 1), (4, 0, 2), (4, 3, 0), (3, 1, 2)}
20:{(5, 3, 1), (5, 2, 2), (4, 3, 2)}
22:{(5, 3, 2)}
2~5为可解方案
6~9为最优方案即此无人机中不可再放其他货物

divide_end.py为5，3，2可拆分成哪些碎片，result1.txt为结果

test_end.py为2，1，2可拆分成哪些碎片，result2.txt为结果
